GLLLLLLL LL

LLLLLs convertere, 11111111111111111111
11111111111111111111111111111111111111
1111 11111111 GLLLLLL'L 1111111111
111111111111111111111111 111111 LLLLLLLLL
1111111111111111,(111111111111111111111111111111111

(1111111 Lus ,111111111111111111111111111111
L (11111111 1111111111 1111111111111111,

111111 1111 11111111 111 (11111111 111· L, 1111111111
1111 111111 quod 1111111 11111 1111111

11111 11111111111111111 11111.
5 LLLLLs COLLLLLLLLLLLL 11111111 1111111111
11111111111111111111,111111111111111111111111Ω

bus
111181111111111111111111111, LLL

11111 (111111 11111 LL 11111111 11111111 LLL
111111,11111111111111111111.1111111

7 1111111111111111111111111
11111 11111 11111111111111 1111 11111

L. 8111111111115811111 1111111111

1111 111111111111111111111111111111
11111111 1111111111111111111111111111111 111
6111111111 111111111111111111 11111111 1111 1111111
1111111111111111111Ἴ11111111111111 1111111 LLLL ’
1111111111111111111111111111111,1111111·1

1111111111 111111 1111131111111811111] ¹¹W
LLL LLLLLL·

 

