Κ111 1111111111

Sed 111111111111111111111111 11111 11111111 11111

[111111 11111111111111111111111111111111

(1111111111111111111111111111111111,11·111111,1111,11
wwwwwww 1111111 1111111111 111111, 1111111111 1111111
¹ 1111111111111111111 111111 11111111, 1111111111
’ 1111111111 1111111111111111111111111111111111111
1111111111111111111111111111111111111111111111111111
1111111111111011111)1111111 1111111111
111111111111111111111111111·1111111111,111111Ξ
’ 111111111111111111111111111

111111111111111111111111111111
¹ 111111111111111111111111111111111111

11111111 111111 1111111 ,1111111111 1111111111
11113111111111 11111111111111111111

’ ’(1111311111111111111111111111111111111,1,11111Ξ

1 111111 (11111111 1111111 111111,1111 11111111 1111111111,
· 1111111111 1111111 111111111111111111111111111111[111111 ,

1111111111 1111111111111111111111

X 111111111111111111111

1111111111111111111111111111111,111111111111111111

gat? Ν111111111111111111111111 11111 11111111, ‹
11111111 111111111 111111101111 111 how· ¹

wwwdw 11111111111111111111111111111111111111111· ,
¹ 1111111111111111111111111111111

811111111111111,11111111 11111 11111111 ,
’ 111111111111,11111111111111111111111

, 11111111111111111111111111111,11111111

11 1111111111 111111 11111, 1111111111111111111111

’ W s

0111111111,11111111111111110·

 

