[26 1111111111

Ν 16 1111111111111111 11111
1111,11111111111111111111111111111110111111
1111111111111,111111111111111111111111111,
1111111111 1111 11 111111111111111111111111·111,ἴ
’ 11111111111111·1111111,11111111111111111111ζ
111111111101·11·11111 1111111111 11111 Quod ζ
111111111111111111111111111111111
1111111 1111111111 1111111111 11 1111 11111, 111·
11111111101111111111111111111511111111111ξ
1111111 1111111111111111 111 Qui, 1111111111
11111111111111111111

17 6111111111· 1111111 1111111111111111
1111111111,11111111111111111111111111111 11111
ceu 1111111111 11111 ,11111111111111111111111
11111111117111111111111111111111111111111111111111
1111111111111111111111111111111111111111111
111 1111111111111111111111111.

111 Acetum 111 1111111111111 Sc con«
111111111111111111 11111 1111 (1111111111111111
“ 11111111111111111111 1111111111111 11111

Imperial 11111111
’ md 111111 1111111111· 1111111111 1111111
11111111 1111111111 111111111111, 1111111111
11111111111111111111111111 1111111111
1111 1111111111 11111111111111111 111111Ο 111
velit,

 

