> 911 v'1‘1111111111111 ³
11,1111111111111111111111111111111, 1111111 111111.
11 111111 (1111111111111 ..11 111111111111111111111,
111101111111111111111111111111 11111111Ἐ1111
111111111111111 1111111111 11.·1111111111111119111
11111111111111111,11111111111111111111111111111111·
1111011111 1111111111,1111111111111111111111111111,
1111111111111111 11 1111111111 111 1111111) 11111111)
11118111111111111111111 111111 [1111111111 1111111
’ 111111111111611111111 1111111111 1111111111111111.
1111111 11111111, (1111111111111(1111111111111111111111
11111111111111111.111111111111111111111111
,110111111101111111111111111111111111111111111
11111011111111,1111111111·111111111111111111111111
11111111111111,1111111111111,1)1 11111111111111111
111 111111111111111 ’,1111 1111111 1111111 1111111111
1111111110111

[1111111111111111111111111111111,111111
ipsum ign 1111111 que 1111111111 (1111111 11111
1111111111111111111111111111) 11111111111111
1111,11,11111)1ο11)1111111111111111,1111111111111111111111
’ 111,1,1111111111111111111111111110111111111 1111111
1111111111111111111111111111 11111 1111 111111111111
1111111 1111111111 11111111 11111111111111111111111111
11111111111111111 1111111111,131 1111π111111111111111
1111111,1 (1111111111111111 (1111111111 111-1,1 1111111
’ 1111111111 11111111111111111111111111111111111111,
1111111111111111111 111 (11.1)11

111111111111111111111111111111111111111111111

qUO

 

