21 1111111111

11111111111111111 11111111 1111111111111111111

, 11111111111111111111111111111111111 pet 11 111
, 11111111111111111011111111111111

(1111111111 11111 1111g111111 1111111111
,1111111111 pso secretorum 1111111111
1111111111111111111(1111111111)(1111111111,
11111111111111111111111111111111111111111111111111
111111111111111111111 1111111111 11111
11111111 11111 11s1p111'01· 11111111111111 1111 11111
1111111111111111111111111 111111 11111111
11111111. 1111111111 111111 ,11111 1G1 1111
bero 111111 1111111111111111111111,11-1
111111111111111 1111 11111111 11111111 111111111111111
11111111111111111111111111111111111,1111111111
,111111111111111111111111111 1111111111 111111,
11111111 (1111111111 1111 11111111111111111
11111111·

9 811111111111111111111111,Ν 11,81111,
11111 111111 11111 11111 11 11111111 1111 Regis 111
1111111111111111111111111111111
11111111111111111111 1111111111 111111111110111
1111111111111111111111111(111111111111111111111
1111111111111111111111111111μ1 11111111
111 1111111111 libus.

11 81111111111111111111111111111111111111
, 11

 

