01111111 η

’ 15. 31111111 11111111111111111111 11111111

genem is 1111111111111111 copia 1111111 1111
1101111111111011111 1111111111 11111111 111·
1111111111 1111 c011ficit111· 11111111111111111 11
111111111111111111111111111111111111 ‚p 1111111·
1111111110001111ω1ω1111
111111, 11111111 1111111111 1111111 1111111161 ,
11111,111111111111111111111 (11111111
1111111111 1111111 1111111111111111, ducentis
Immm1mffl ’
ΝΒ 1111311111 11111111111111111101111·
1111111111111111111111111111111111111111111
11111111111111111 11111 11111‘1 11111111 ju 1111·
1111111111111111111111 111111 1111111111111·
11111111 1111111111, 11116111 1111111111111
1111111111111111111111 111111111111111111
11111111,111111111110116111111111111111011,
11111111111111111111111111111.
⁵ 11111111111111111111111111111111111111111
1111111 1111111 11111111 ,111111111111111111
1111111111111111111111111111111111111111111·
1111111111,11111111 1111111111111111111111111 ’
0111111111111111 1111111111111,111111
1101111061Μ1π11111

11111,1111111111111111111111),1111111111
111· 111, 16, 0·

 

