, ’0111111111 111, ’

111111111111111111111 parte 111 11 reddidi, quan
{tumque abeo 1111111,111111111111 111 111111
11111111111 1111111111 111111 1111111111111111111 11111111
111111111111111111 111 111 1111111111 1111111 vile
’ [1111111111111111111111111111111111111, 111 1111
11111111111111111111111(1111111111 [71151111111
,11111111111111111111111, (111111111111111111
1111111111111111111111111111111
' Qare2s 11111111 fatebitur ,11111 1111111
,1111111111 1111 1111111111 11111111 1111 11111111,
g 11111111111111111111, 111111111111111111111
1111111, quantum 1111111111 ego [1111

Qant 1111 1111111111 ρ11111111’ [111111 1111111

11111111111111111111111111111111111111111111111 ÷
1111111111111111111111111 1111111 111111111111111111 ·
,1 11111111111111 111111111(111111’11111 1111111111,Μ
1111, »1111 1111111111 11111111111111 111)111111[1111,
11111111111111111111111111111111111111111 ¹
¹ 1111111111μ11111[11111111111111111111111111
1111111111, 1111111111111 11111 11111 1111111111 111
11111 [11111111 11111111111111111111111111111·
111, 11111111111111111111111111111111111 1111111
[111111111111111111111111111111, .
11111111111111111111,11111111111111111111111 ,
’1’1 Belgium [1111111111[11111111111111111Ἰ
11111 11111131111111μ 11111111 11111111 111111111111111,
111111111111111

’11111 111111111111111111111111111111111111Ξ1111

111·

 

